v3.0 hex words addressed
00: 21 50 22 01 20 64 7C E0 F3 52 25 89 20 20 B0 88 
10: 83 17 40 02 20 61 EF 06 FB 52 25 E0 20 01 22 01 
20: BA 82 89 40 14 40 25 00 00 00 00 00 00 00 00 00 
30: 00 00 00 00 00 00 00 00 00 00 00 00 00 00 00 00 
40: 00 00 00 00 00 00 00 00 00 00 00 00 00 00 00 00 
50: 00 00 00 00 00 00 00 00 00 00 00 00 00 00 00 00 
60: 00 00 00 00 00 00 00 00 00 00 00 00 00 00 00 00 
70: 00 00 00 00 00 00 00 00 00 00 00 00 00 00 00 00 
80: 00 00 00 00 00 00 00 00 00 00 00 00 00 00 00 00 
90: 00 00 00 00 00 00 00 00 00 00 00 00 00 00 00 00 
a0: 00 00 00 00 00 00 00 00 00 00 00 00 00 00 00 00 
b0: 00 00 00 00 00 00 00 00 00 00 00 00 00 00 00 00 
c0: 00 00 00 00 00 00 00 00 00 00 00 00 00 00 00 00 
d0: 00 00 00 00 00 00 00 00 00 00 00 00 00 00 00 00 
e0: 00 00 00 00 00 00 00 00 00 00 00 00 00 00 00 00 
f0: 00 00 00 00 00 00 00 00 00 00 00 00 00 00 00 00 